179
173
176
176
176
176
180
180
190
180
180
187
187
187
188
202
188
202
202
202
185
202
202
193
193
193
193
193
177
177
177
177
177
177
167
185
185
185
188
188
188
186
181
181
181
179
186
187
186
167
187
202
200
202
203
202
203
207
222
223
235
299
1728
0
7
0
0
0
0
0
0
0
0
0
0
0
0
0
0
0
0
0
0
0
0
0
0
0
0
0
0
0
0
0
0
0
0
0
0
0
0
0
0
0
0
0
0
0
0
0
0
0
0
0
0
0
0
0
0
0
0
0
0
0
0
0
0
0
0
0
0
0
0
0
0
0
607
597
597
601
597
597
601
607
607
608
607
607
585
585
568
583
585
583
573
573
557
557
573
607
1667
1667
1667
1656
1632
1630
1613
1613
1604
1604
1604
1552
1552
0
0
0
0
1658
1658
1642
1607
1550
1534
1534
1515
1515
1515
0
0
0
0
1865
1840
1836
1836
1827
1786
1786
1786
1793
0
0
0
1760
1750
1738
1727
1721
1721
1721
1735
0
0
0
0
0
0
0
0
0
0
0
0
369
349
349
321
282
270
270
270
268
268
235
211
180
180
180
184
184
212
184
181
181
181
181
182
182
183
182
182
180
183
185
192
185
192
192
194
194
194
192
176
176
176
176
176
178
173
173
178
185
178
178
178
182
182
182
183
183
189
191
191
191
191
198
200
208
224
0
0
0
0
0
0
0
0
0
0
0
0
0
254
251
251
251
251
251
243
229
229
225
225
225
215
211
211
211
221
221
221
214
213
213
214
210
210
227
210
207
207
213
207
207
203
203
203
215
216
234
234
228
228
215
215
228
228
228
230
228
224
224
226
226
232
232
232
228
228
228
233
245
255
0
0
0
0
0
0
0
0
0
0
0
101
101
101
0
0
0
0
100
100
119
119
100
119
119
114
114
114
103
95
95
95
98
98
98
97
97
97
100
123
124
124
136
0
0
0
0
0
0
0
0
0
0
0
0
0
0
0
0
0
0
0
0
0
0
0
0
0
0
0
0
0
779
779
802
818
818
840
855
866
931
1033
1495
1521
1521
1521
1521
1521
1518
1508
1508
1498
1498
1492
1485
1481
1475
1472
1472
1449
1449
1449
1449
1467
1467
1466
1466
1466
1436
1436
1436
1436
1445
1445
1420
1422
1420
1420
1420
1420
1420
1424
1424
1423
1423
1400
1400
1400
1393
1387
1384
1384
1393
1384
1411
1411
1411
1400
1400
1400
1411
1411
1424
1424
1425
1431
1432
1434
1447
1453
